1.400000000000000000e+01 1.451870405759704595e-15
3.900000000000000000e+01 2.656098430505534900e-16
6.399999999999999289e+01 2.412730959307367588e-16
8.900000000000000000e+01 2.312427646858612221e-16
1.140000000000000142e+02 1.222242292503760696e-16
1.389999999999999716e+02 1.707752000958329553e-16
1.639999999999999716e+02 8.415204564293163243e-17
1.889999999999999716e+02 1.208822599705921937e-16
2.140000000000000000e+02 7.229114404867883978e-17
2.390000000000000284e+02 7.688499161961301679e-17
2.640000000000000000e+02 6.110727851472821840e-17
2.890000000000000568e+02 6.222735443792117088e-17
3.140000000000000568e+02 5.773069498582960668e-17
3.390000000000000568e+02 5.136889443646875554e-17
3.640000000000000000e+02 5.173068125859054618e-17
3.890000000000000000e+02 4.889211892464332593e-17
4.139999999999999432e+02 4.505964429784448070e-17
4.389999999999999432e+02 5.049117924982272467e-17
4.639999999999999432e+02 5.101174875306054148e-17
4.889999999999999432e+02 4.635121692033989798e-17
5.139999999999998863e+02 3.694251957720700103e-17
5.389999999999998863e+02 3.527244420238822530e-17
5.639999999999998863e+02 4.865975743576956349e-17
5.889999999999998863e+02 3.900966822682757320e-17
6.139999999999998863e+02 4.189892208385803408e-17
6.389999999999998863e+02 3.709330236381200165e-17
6.640000000000000000e+02 3.608466196238933722e-17
6.890000000000000000e+02 3.814618201790051195e-17
7.140000000000000000e+02 3.335908223334497204e-17
7.389999999999998863e+02 4.103621663573392736e-17
7.639999999999998863e+02 4.211705287685094150e-17
7.889999999999998863e+02 3.286120963003457403e-17
8.139999999999998863e+02 3.848848672929019150e-17
8.389999999999998863e+02 3.404691886129314356e-17
8.639999999999998863e+02 3.329404340481682100e-17
8.889999999999998863e+02 3.379697513204265486e-17
9.139999999999998863e+02 3.259696595335552480e-17
9.389999999999998863e+02 3.368930930423364838e-17
9.639999999999998863e+02 3.213998443740137485e-17
9.889999999999998863e+02 3.392890602766515929e-17
1.014000000000000000e+03 3.126386690854207785e-17
1.039000000000000000e+03 3.070782941824106553e-17
1.064000000000000000e+03 3.052933334228491699e-17
1.089000000000000000e+03 2.700508686885621312e-17
1.114000000000000000e+03 3.151658605471242627e-17
1.139000000000000000e+03 3.325364044093794653e-17
1.164000000000000000e+03 3.002403777242635827e-17
1.189000000000000000e+03 3.047537284750178831e-17
1.214000000000000000e+03 3.226716341348231394e-17
1.239000000000000227e+03 3.248504323201023060e-17
1.264000000000000227e+03 3.301494555865678182e-17
1.289000000000000227e+03 3.251929885830363756e-17
1.314000000000000227e+03 3.228421109003042598e-17
1.339000000000000227e+03 3.375619522876015926e-17
1.364000000000000227e+03 3.110805185273252233e-17
1.389000000000000227e+03 2.545628080605050138e-17
1.414000000000000227e+03 2.561333320442417927e-17
1.439000000000000227e+03 2.561162096958133003e-17
1.464000000000000227e+03 2.684875310134021329e-17
1.489000000000000227e+03 2.520582232850461375e-17
1.514000000000000000e+03 2.496716570098371482e-17
1.539000000000000000e+03 2.510744251219216674e-17
1.564000000000000000e+03 2.146713276314115095e-17
1.589000000000000000e+03 2.316133795033986875e-17
1.614000000000000000e+03 2.500141432122751886e-17
1.639000000000000000e+03 2.091191310309743217e-17
1.664000000000000000e+03 2.129783816241640314e-17
1.689000000000000000e+03 2.238877182950623858e-17
1.714000000000000000e+03 2.050012811289030907e-17
1.739000000000000000e+03 2.141405349400807248e-17
1.764000000000000000e+03 2.056098824640101797e-17
1.789000000000000000e+03 2.009166886943624524e-17
1.814000000000000000e+03 1.820758635175815207e-17
1.839000000000000000e+03 1.995936851118605327e-17
1.864000000000000000e+03 1.693081509446917765e-17
1.889000000000000000e+03 1.517569199167375431e-17
1.914000000000000000e+03 1.872068721647134361e-17
1.939000000000000000e+03 1.561700890626559013e-17
1.964000000000000000e+03 1.675307489501838970e-17
1.989000000000000000e+03 1.578458630214779587e-17
2.014000000000000000e+03 1.556613179745447032e-17
2.039000000000000000e+03 1.497723545087537379e-17
2.064000000000000000e+03 1.559263097047427063e-17
2.089000000000000000e+03 1.500029992723615903e-17
2.114000000000000000e+03 1.415088143512840221e-17
2.139000000000000000e+03 1.360855184142221063e-17
2.164000000000000000e+03 1.194612177968539795e-17
2.189000000000000000e+03 1.140991644838573393e-17
2.214000000000000000e+03 1.127732889179401170e-17
2.239000000000000000e+03 1.111620776520895311e-17
2.264000000000000000e+03 1.023696226826345716e-17
2.289000000000000000e+03 1.036539524765819086e-17
2.314000000000000000e+03 9.438646376672500943e-18
2.339000000000000000e+03 9.310698531048988260e-18
2.364000000000000000e+03 9.197058387745573516e-18
2.389000000000000000e+03 9.406067150681847130e-18
2.414000000000000000e+03 8.276021916929096126e-18
2.439000000000000000e+03 8.156268303626754302e-18
2.464000000000000000e+03 8.221993373776590565e-18
2.489000000000000000e+03 7.610917979206369711e-18
2.514000000000000000e+03 7.038928767965077397e-18
2.539000000000000000e+03 6.840091020730654522e-18
2.564000000000000455e+03 6.567636053649346022e-18
2.589000000000000000e+03 6.058262417098539068e-18
2.614000000000000000e+03 5.969445004294606895e-18
2.639000000000000000e+03 5.663668868775998133e-18
2.664000000000000000e+03 5.724363137983698936e-18
2.689000000000000000e+03 5.978957638887435173e-18
2.714000000000000455e+03 5.320553280119489098e-18
2.739000000000000455e+03 4.876282928313100924e-18
2.764000000000000455e+03 4.731222350373532431e-18
2.789000000000000455e+03 4.778846866268919454e-18
2.814000000000000455e+03 3.956981135501316355e-18
2.839000000000000455e+03 4.244577493466308025e-18
2.864000000000000909e+03 3.943119774924622887e-18
2.889000000000000909e+03 3.958978781517329949e-18
2.914000000000000909e+03 3.703890288238648535e-18
2.939000000000000909e+03 3.429007534203112782e-18
2.964000000000000909e+03 3.591703369189670050e-18
2.989000000000000909e+03 3.180842589039612554e-18
3.014000000000000909e+03 3.406469500496692132e-18
3.039000000000000909e+03 3.310742797509679921e-18
3.064000000000000909e+03 3.205135605364096254e-18
3.089000000000000909e+03 2.980639641686213768e-18
3.114000000000000909e+03 3.085441955001124167e-18
3.139000000000000909e+03 2.839937087145205977e-18
3.164000000000000909e+03 2.930790213068689383e-18
3.189000000000000909e+03 2.672494209837418787e-18
3.214000000000000000e+03 2.805474385764333505e-18
3.239000000000000000e+03 2.517519493978004179e-18
3.264000000000000000e+03 2.466320179410526267e-18
3.289000000000000000e+03 2.481984988028108977e-18
3.314000000000000000e+03 2.567132240432507789e-18
3.339000000000000000e+03 2.446284977721116501e-18
3.364000000000000000e+03 2.265298401715468678e-18
3.389000000000000000e+03 2.432962656753689862e-18
3.414000000000000000e+03 2.420903581395850899e-18
3.439000000000000000e+03 2.042656914965032734e-18
3.464000000000000000e+03 2.214465523634997577e-18
3.489000000000000000e+03 2.108161877203706827e-18
3.514000000000000000e+03 2.085794271997019858e-18
3.539000000000000000e+03 2.187542067761295181e-18
3.564000000000000000e+03 2.058747794390081616e-18
3.589000000000000000e+03 1.905363262331103621e-18
3.614000000000000000e+03 2.092759746618634544e-18
3.639000000000000000e+03 1.934677722228538440e-18
3.664000000000000000e+03 2.085603981426629242e-18
3.689000000000000000e+03 1.965659793655042755e-18
3.714000000000000000e+03 2.002848086762102366e-18
3.739000000000000000e+03 1.805932701790667396e-18
3.764000000000000000e+03 2.054339044479775143e-18
3.789000000000000000e+03 1.827041286850499995e-18
3.814000000000000000e+03 1.868800620306791749e-18
3.839000000000000000e+03 1.778028641116859493e-18
3.864000000000000000e+03 1.852470057390336104e-18
3.889000000000000000e+03 1.759933051297745191e-18
3.914000000000000000e+03 1.786966674856369865e-18
3.939000000000000000e+03 1.686917818667751093e-18
3.964000000000000000e+03 1.687465988236449667e-18
3.989000000000000000e+03 1.659932787600017665e-18
4.014000000000000000e+03 1.791659207177635750e-18
4.039000000000000000e+03 1.715854719809372750e-18
4.064000000000000000e+03 1.673959478949990964e-18
4.089000000000000000e+03 1.673072086143479862e-18
4.114000000000000000e+03 1.671239932417131785e-18
4.139000000000000000e+03 1.644829789850534117e-18
4.164000000000000000e+03 1.566592281198888872e-18
4.189000000000000000e+03 1.524425121659211059e-18
4.214000000000000000e+03 1.680584797182897669e-18
4.239000000000000000e+03 1.643317101303442580e-18
4.264000000000000000e+03 1.676259498147645415e-18
4.289000000000000000e+03 1.632406116437253617e-18
4.314000000000000000e+03 1.550145072146324995e-18
4.339000000000000000e+03 1.634184253700882121e-18
4.364000000000000000e+03 1.581518776848693050e-18
4.389000000000000000e+03 1.536027375687452676e-18
4.414000000000000000e+03 1.596397909460509758e-18
4.439000000000000000e+03 1.537052050922532422e-18
4.464000000000000000e+03 1.523255406748968459e-18
4.489000000000000000e+03 1.534159820042469140e-18
4.514000000000000000e+03 1.471468493154023551e-18
4.539000000000000000e+03 1.449028857762474900e-18
4.564000000000000000e+03 1.541700350723373270e-18
4.589000000000000000e+03 1.463058165503861696e-18
4.614000000000000000e+03 1.488912742905475519e-18
4.639000000000000000e+03 1.453579272508537617e-18
4.664000000000000000e+03 1.573840152242470225e-18
4.689000000000000000e+03 1.434902859571059276e-18
4.714000000000000000e+03 1.410442698466771924e-18
4.739000000000000000e+03 1.480017796992348813e-18
4.764000000000000000e+03 1.456865641415246294e-18
4.789000000000000000e+03 1.481051422661016078e-18
4.814000000000000000e+03 1.452552900106764962e-18
4.839000000000000000e+03 1.430070970618494929e-18
4.864000000000000000e+03 1.456529727743927976e-18
4.889000000000000000e+03 1.367132877135074731e-18
4.914000000000000000e+03 1.329055532756742735e-18
4.939000000000000000e+03 1.422889948284168798e-18
4.964000000000000000e+03 1.413123247193759861e-18
4.989000000000000000e+03 1.399978258630529547e-18
5.014000000000000000e+03 1.393343959763970828e-18
5.039000000000000000e+03 1.334734807835981775e-18
5.064000000000000000e+03 1.281409322304557821e-18
5.089000000000000000e+03 1.360687732937197869e-18
5.114000000000000000e+03 1.382713144899058044e-18
5.139000000000000000e+03 1.318623423966359198e-18
5.164000000000000000e+03 1.334358588469326143e-18
5.189000000000000000e+03 1.419554559601468765e-18
5.214000000000000000e+03 1.354112493562799338e-18
5.239000000000000000e+03 1.288468841335835707e-18
5.264000000000000000e+03 1.328060205700743798e-18
5.289000000000000000e+03 1.352975382169840757e-18
5.314000000000000000e+03 1.301980792818100983e-18
5.339000000000000000e+03 1.410793912669256215e-18
5.364000000000000000e+03 1.343652908459434678e-18
5.389000000000000000e+03 1.253955151443407926e-18
5.414000000000000000e+03 1.295683444165809615e-18
5.439000000000000000e+03 1.332890041623166296e-18
5.464000000000000000e+03 1.269876792882182278e-18
5.489000000000000000e+03 1.296776683451845311e-18
5.514000000000000000e+03 1.360609289069389060e-18
5.539000000000000000e+03 1.245536004924052232e-18
5.564000000000000000e+03 1.332370490789782661e-18
5.589000000000000000e+03 1.250078172461072074e-18
5.614000000000000000e+03 1.342006494088120346e-18
5.639000000000000000e+03 1.314349519711322631e-18
5.664000000000000000e+03 1.308693585451565588e-18
5.689000000000000000e+03 1.291047195002776995e-18
5.714000000000000000e+03 1.346585624215391270e-18
5.739000000000000000e+03 1.296648712456479591e-18
5.764000000000000000e+03 1.245532325350969927e-18
5.789000000000000000e+03 1.278830122858383441e-18
5.814000000000000000e+03 1.283614262140642543e-18
5.839000000000000000e+03 1.240219291518823336e-18
5.864000000000000000e+03 1.248115378604340463e-18
5.889000000000000000e+03 1.278435756828454479e-18
5.914000000000000000e+03 1.240093791156951331e-18
5.939000000000000000e+03 1.208376448952896500e-18
5.964000000000000000e+03 1.219275562790520007e-18
5.989000000000000000e+03 1.213097435642730344e-18
6.014000000000000000e+03 1.260625645943135244e-18
6.039000000000000909e+03 1.217310343516988064e-18
6.064000000000000909e+03 1.171018373811206312e-18
6.089000000000000909e+03 1.174041832181786628e-18
6.114000000000000909e+03 1.148177648368918600e-18
6.139000000000000909e+03 1.200216290438586315e-18
6.164000000000000909e+03 1.146173564412899697e-18
6.189000000000000909e+03 1.186736551954157453e-18
6.214000000000000909e+03 1.152772476612828602e-18
6.239000000000000909e+03 1.196388829371209885e-18
6.264000000000000909e+03 1.217908392239070423e-18
6.289000000000000909e+03 1.119312569144194088e-18
6.314000000000000909e+03 1.155382063208830837e-18
6.339000000000000909e+03 1.129901401360455595e-18
6.364000000000000909e+03 1.225337827308232744e-18
6.389000000000000909e+03 1.173061314682497185e-18
6.414000000000000909e+03 1.129907581189318665e-18
6.439000000000000909e+03 1.105801565694356293e-18
6.464000000000000909e+03 1.107605646829210992e-18
6.489000000000000909e+03 1.119887321677492061e-18
6.514000000000000909e+03 1.089535346594342853e-18
6.539000000000000909e+03 1.117848745870857834e-18
6.564000000000000909e+03 1.069432001510478394e-18
6.589000000000000909e+03 1.102078711353036791e-18
6.614000000000000909e+03 1.116363164340904319e-18
6.639000000000000909e+03 1.098746946517691338e-18
6.664000000000000909e+03 1.051818170357388603e-18
6.689000000000000909e+03 1.091167710699473139e-18
6.714000000000000909e+03 1.076118748042575605e-18
6.739000000000000909e+03 1.133171387705215955e-18
6.764000000000000909e+03 1.135620500553051156e-18
6.789000000000000909e+03 1.032391867143649803e-18
6.814000000000000909e+03 1.043690212216779929e-18
6.839000000000001819e+03 1.042548653925217882e-18
6.864000000000001819e+03 1.064377298902795633e-18
6.889000000000001819e+03 1.015571448067997065e-18
6.914000000000001819e+03 1.040131255546949906e-18
6.939000000000001819e+03 1.039741689115422957e-18
6.964000000000001819e+03 1.040643061562855338e-18
6.989000000000001819e+03 9.986894651740918011e-19
7.014000000000001819e+03 1.027295301076957432e-18
7.039000000000001819e+03 1.052307987341412060e-18
7.064000000000001819e+03 9.980958112715753711e-19
7.089000000000001819e+03 1.061649802013261036e-18
7.114000000000001819e+03 1.033868313095639006e-18
7.139000000000001819e+03 9.912301769808932051e-19
7.164000000000001819e+03 1.034626118038713719e-18
7.189000000000001819e+03 1.123660409094248934e-18
7.214000000000001819e+03 1.007588657211856346e-18
7.239000000000001819e+03 1.064663416601544509e-18
7.264000000000001819e+03 1.034399292000698370e-18
7.289000000000001819e+03 1.027055905716777900e-18
7.314000000000001819e+03 1.049674738569859125e-18
7.339000000000001819e+03 1.002805954245798184e-18
7.364000000000001819e+03 1.028344256785437841e-18
7.389000000000001819e+03 1.025527591047013767e-18
7.414000000000001819e+03 1.013564807665720629e-18
7.439000000000001819e+03 9.544863313008247378e-19
7.464000000000001819e+03 1.011504792251139099e-18
7.489000000000001819e+03 9.774628321224151918e-19
7.514000000000001819e+03 9.591830374876583011e-19
7.539000000000001819e+03 9.524957877486179618e-19
7.564000000000001819e+03 9.685783786014500488e-19
7.589000000000001819e+03 9.481909484810296807e-19
7.614000000000001819e+03 9.638066143169646935e-19
7.639000000000001819e+03 9.625121081576512842e-19
7.664000000000001819e+03 8.922547094087490114e-19
7.689000000000001819e+03 9.417310108081835017e-19
7.714000000000001819e+03 8.704789579813003448e-19
7.739000000000001819e+03 9.174091826146293546e-19
7.764000000000001819e+03 8.951461428759056733e-19
7.789000000000001819e+03 9.424487074945924428e-19
7.814000000000001819e+03 9.490224554678615740e-19
7.839000000000001819e+03 8.838115612236377951e-19
7.864000000000001819e+03 8.967394700091550420e-19
7.889000000000002728e+03 8.988566949145301749e-19
7.914000000000002728e+03 8.887250098036479236e-19
7.939000000000002728e+03 8.976342756656962292e-19
7.964000000000002728e+03 8.791288162584454488e-19
7.989000000000002728e+03 8.829970801816627884e-19
8.014000000000002728e+03 8.349385102253737158e-19
8.039000000000002728e+03 8.949943924203343906e-19
8.064000000000002728e+03 8.439428658329546609e-19
8.089000000000002728e+03 8.647609477855621584e-19
8.114000000000002728e+03 8.294766632269064427e-19
8.139000000000002728e+03 8.459806855904161511e-19
8.164000000000002728e+03 8.196189856528268865e-19
8.189000000000002728e+03 8.008320488985066413e-19
8.214000000000003638e+03 8.302574184848222894e-19
8.239000000000003638e+03 8.370559352425597310e-19
8.264000000000003638e+03 7.900840643868372430e-19
8.289000000000003638e+03 8.577941543111867250e-19
8.314000000000003638e+03 8.252030673371764293e-19
8.339000000000003638e+03 7.766261953661060983e-19
8.364000000000003638e+03 8.443756213874448680e-19
8.389000000000003638e+03 8.258194951035280190e-19
8.414000000000003638e+03 8.535169441649232754e-19
8.439000000000003638e+03 8.110509465956912638e-19
8.464000000000003638e+03 8.109385223139364605e-19
8.489000000000003638e+03 7.945646423530659149e-19
8.514000000000003638e+03 8.020816850257117087e-19
8.539000000000003638e+03 7.792362933763054310e-19
8.564000000000003638e+03 8.217427898049443059e-19
8.589000000000003638e+03 7.544713036144500238e-19
8.614000000000003638e+03 7.849143380638623197e-19
8.639000000000003638e+03 7.694861770071474470e-19
8.664000000000003638e+03 7.748744394282575014e-19
8.689000000000003638e+03 7.794753699784808291e-19
8.714000000000003638e+03 7.358098013478967748e-19
8.739000000000003638e+03 7.760813526416685767e-19
8.764000000000003638e+03 7.758411474464979866e-19
8.789000000000003638e+03 7.281290192372741226e-19
8.814000000000003638e+03 7.680952030537171309e-19
8.839000000000003638e+03 6.977810885964040531e-19
8.864000000000003638e+03 7.333174324775818849e-19
8.889000000000003638e+03 7.355758957517246962e-19
8.914000000000003638e+03 7.300643560885454889e-19
8.939000000000003638e+03 7.153105708485140978e-19
8.964000000000003638e+03 7.359061656553190377e-19
8.989000000000003638e+03 7.350389766291218566e-19
9.014000000000003638e+03 6.992212008272495200e-19
9.039000000000003638e+03 7.058246761323802304e-19
9.064000000000003638e+03 7.060708515434008725e-19
9.089000000000003638e+03 6.776399229585686272e-19
9.114000000000003638e+03 6.621850660638908006e-19
9.139000000000003638e+03 7.018902844960892226e-19
9.164000000000003638e+03 6.696763209109301087e-19
9.189000000000003638e+03 6.913459362095013121e-19
9.214000000000003638e+03 6.813275329692747531e-19
9.239000000000003638e+03 6.675746776671173369e-19
9.264000000000003638e+03 6.702587800469513498e-19
9.289000000000003638e+03 6.718532352906804520e-19
9.314000000000001819e+03 6.546739939045039016e-19
9.339000000000001819e+03 6.481484400695710004e-19
9.364000000000001819e+03 6.454342414808871152e-19
9.389000000000001819e+03 6.512933422571627599e-19
9.414000000000001819e+03 6.425163787784180634e-19
9.439000000000001819e+03 6.571913081244941660e-19
9.464000000000001819e+03 6.499054663675274787e-19
9.489000000000001819e+03 6.270193571527374955e-19
9.514000000000001819e+03 6.369732731578617100e-19
9.539000000000001819e+03 6.370511849450875379e-19
9.564000000000003638e+03 6.442719376506833515e-19
9.589000000000003638e+03 6.303739740436148773e-19
9.614000000000003638e+03 5.909781996239040019e-19
9.639000000000003638e+03 6.451164981963792936e-19
9.664000000000003638e+03 6.123114941366091083e-19
9.689000000000003638e+03 6.236834208671166419e-19
9.714000000000003638e+03 6.027064004055879937e-19
9.739000000000003638e+03 5.921378398481066437e-19
9.764000000000003638e+03 6.245601277579595562e-19
9.789000000000003638e+03 6.120113918594081854e-19
9.814000000000003638e+03 5.824923770768192821e-19
9.839000000000003638e+03 6.010539714705684553e-19
9.864000000000003638e+03 5.904509307585063406e-19
9.889000000000003638e+03 6.007114953263882501e-19
9.914000000000003638e+03 5.763027633393758589e-19
9.939000000000003638e+03 5.772510175790108315e-19
9.964000000000003638e+03 5.951756198093063913e-19
9.989000000000003638e+03 5.850814454995116880e-19
1.001400000000000364e+04 5.601956374341495510e-19
1.003900000000000364e+04 5.926576638098511253e-19
1.006400000000000364e+04 5.590900211244340818e-19
1.008900000000000364e+04 5.805539087716418717e-19
1.011400000000000364e+04 5.532112256085488539e-19
1.013900000000000364e+04 5.572616616677967427e-19
1.016400000000000364e+04 5.513315033148876403e-19
1.018900000000000364e+04 5.651192831989301283e-19
1.021400000000000364e+04 5.514338123408554661e-19
1.023900000000000364e+04 5.525629740902737990e-19
1.026400000000000364e+04 5.631525889139023754e-19
1.028900000000000364e+04 5.464052682988301641e-19
1.031400000000000364e+04 5.507539342317235975e-19
1.033900000000000364e+04 5.724218319913978595e-19
1.036400000000000364e+04 5.361875160095591365e-19
1.038900000000000364e+04 5.402032472112762391e-19
1.041400000000000364e+04 5.416999278880808768e-19
1.043900000000000364e+04 5.299041825131099048e-19
1.046400000000000364e+04 5.372376531074603786e-19
1.048900000000000364e+04 5.259766578674812070e-19
1.051400000000000364e+04 5.395667241599914526e-19
1.053900000000000364e+04 5.377625274608673468e-19
1.056400000000000364e+04 5.306004901515594735e-19
1.058900000000000364e+04 5.075094999186439809e-19
1.061400000000000364e+04 5.238380255825108972e-19
1.063900000000000364e+04 5.031258401858025853e-19
1.066400000000000364e+04 5.290050234414440905e-19
1.068900000000000364e+04 5.383776045348634961e-19
1.071400000000000364e+04 5.154094397147936128e-19
1.073900000000000364e+04 5.415816081517535592e-19
1.076400000000000364e+04 5.009480341408585639e-19
1.078900000000000364e+04 5.225468645639170424e-19
1.081400000000000364e+04 5.202956561232917103e-19
1.083900000000000364e+04 5.037756809084324406e-19
1.086400000000000364e+04 4.986532144215208475e-19
1.088900000000000364e+04 5.053148258573314357e-19
1.091400000000000364e+04 4.855428753724276670e-19
1.093900000000000364e+04 4.869062280133858819e-19
1.096400000000000364e+04 5.047749817118891305e-19
1.098900000000000364e+04 4.772546478310626338e-19
1.101400000000000364e+04 4.937053518310990680e-19
1.103900000000000364e+04 4.975387141026858541e-19
1.106400000000000364e+04 4.777567205493299640e-19
1.108900000000000364e+04 4.824492576609538891e-19
1.111400000000000364e+04 4.599193975354755033e-19
1.113900000000000364e+04 4.801458985449874692e-19
1.116400000000000364e+04 4.513520147025404287e-19
1.118900000000000364e+04 4.581730236033051961e-19
1.121400000000000364e+04 4.556284139422326218e-19
1.123900000000000364e+04 4.587461079508714035e-19
1.126400000000000364e+04 4.611158912458859804e-19
1.128900000000000364e+04 4.538340308344183509e-19
1.131400000000000364e+04 4.553356957542310632e-19
1.133900000000000364e+04 4.543008334526690621e-19
1.136400000000000364e+04 4.406790767448366402e-19
1.138900000000000000e+04 4.404808168924903926e-19
1.141400000000000000e+04 4.478424771155584360e-19
1.143900000000000000e+04 4.313083145161776779e-19
1.146400000000000000e+04 4.347021602885738307e-19
1.148900000000000000e+04 4.201721764096396280e-19
1.151400000000000000e+04 4.343162564944486205e-19
1.153900000000000000e+04 4.059555374521045466e-19
1.156400000000000000e+04 4.187149118996148884e-19
1.158900000000000000e+04 4.362797555792962778e-19
1.161400000000000000e+04 4.143258195958698505e-19
1.163900000000000000e+04 3.974041922124165475e-19
1.166400000000000000e+04 4.096610904428754313e-19
1.168900000000000000e+04 3.917213285915804259e-19
1.171400000000000000e+04 4.091988223893934984e-19
1.173900000000000000e+04 3.922954079945767283e-19
1.176400000000000000e+04 3.961236916290992824e-19
1.178900000000000000e+04 3.652653322000005356e-19
1.181400000000000000e+04 3.785345898299411125e-19
1.183900000000000000e+04 3.737750545162782994e-19
1.186400000000000000e+04 3.742997000978012415e-19
1.188900000000000000e+04 3.720681046833328415e-19
1.191400000000000000e+04 3.699571172794297718e-19
1.193900000000000000e+04 3.690268796190172933e-19
1.196400000000000000e+04 3.615220925604597811e-19
1.198900000000000000e+04 3.636243164817535206e-19
1.201400000000000000e+04 3.508634004831381811e-19
1.203900000000000000e+04 3.455958962845676083e-19
1.206400000000000000e+04 3.501361994492718364e-19
1.208900000000000000e+04 3.467008630932839279e-19
1.211400000000000000e+04 3.422856816835055294e-19
1.213900000000000000e+04 3.348200354943379172e-19
1.216400000000000000e+04 3.392385297302393494e-19
1.218900000000000000e+04 3.236581050734002453e-19
1.221400000000000000e+04 3.303474530408720624e-19
1.223900000000000000e+04 3.212177077805128250e-19
1.226400000000000000e+04 3.670846082648460562e-19
