1.150000000000000000e+01 1.029258046972762488e-15
3.150000000000000000e+01 4.826908100358014782e-16
5.150000000000000000e+01 2.165343473167520208e-16
7.150000000000000000e+01 1.397249335451470762e-16
9.150000000000000000e+01 1.154087610029591475e-16
1.115000000000000000e+02 1.031052438531960784e-16
1.315000000000000000e+02 9.418559265568479383e-17
1.515000000000000000e+02 8.305472639550085864e-17
1.715000000000000000e+02 7.184591099657842980e-17
1.915000000000000000e+02 6.231559295118341079e-17
2.115000000000000000e+02 5.904798024576913371e-17
2.315000000000000000e+02 5.390398164595508906e-17
2.515000000000000000e+02 5.140957403109071069e-17
2.715000000000000000e+02 4.839293091117752180e-17
2.915000000000000000e+02 4.408836916286273285e-17
3.115000000000000000e+02 4.362145031179398626e-17
3.315000000000000000e+02 4.178220602086168199e-17
3.515000000000000000e+02 3.979572158835171219e-17
3.715000000000000000e+02 3.655737874113240230e-17
3.915000000000000000e+02 3.564445457166547408e-17
4.115000000000000000e+02 3.348733129159570753e-17
4.315000000000000000e+02 3.151423056711574922e-17
4.515000000000000000e+02 3.040093944517103449e-17
4.715000000000000000e+02 2.859578058937758109e-17
4.915000000000000000e+02 2.763337536541812791e-17
5.115000000000000000e+02 2.712540857461344289e-17
5.315000000000000000e+02 2.575110584149170254e-17
5.515000000000000000e+02 2.538283225661130333e-17
5.715000000000000000e+02 2.453851929269752433e-17
5.915000000000000000e+02 2.249304894025911181e-17
6.115000000000000000e+02 2.136105324417358237e-17
6.315000000000000000e+02 2.042380650569448316e-17
6.515000000000000000e+02 1.963116564493159768e-17
6.715000000000000000e+02 1.863348661954553457e-17
6.915000000000000000e+02 1.808048106924285784e-17
7.115000000000000000e+02 1.780786818043007126e-17
7.315000000000000000e+02 1.716694042963521905e-17
7.515000000000000000e+02 1.609263031419534617e-17
7.715000000000000000e+02 1.574913034599578551e-17
7.915000000000000000e+02 1.449565056675974469e-17
8.115000000000000000e+02 1.387921804769109731e-17
8.315000000000000000e+02 1.338919592459715255e-17
8.515000000000000000e+02 1.266876677111234334e-17
8.715000000000000000e+02 1.218970685966633998e-17
8.915000000000000000e+02 1.160402409353225145e-17
9.115000000000000000e+02 1.108019659202846694e-17
9.315000000000000000e+02 1.060901110646638913e-17
9.515000000000000000e+02 1.008509541710387860e-17
9.715000000000000000e+02 9.727751456542979068e-18
9.915000000000000000e+02 9.103273254517141854e-18
1.011500000000000000e+03 8.895765420267685873e-18
1.031500000000000000e+03 8.429857341575900973e-18
1.051500000000000000e+03 8.143194911532116097e-18
1.071500000000000000e+03 7.670772580107393176e-18
1.091500000000000000e+03 7.332054673965681526e-18
1.111500000000000000e+03 6.940791251416089406e-18
1.131500000000000000e+03 6.536300763503726805e-18
1.151500000000000000e+03 6.229809631384992296e-18
1.171500000000000000e+03 5.752142199930241244e-18
1.191500000000000000e+03 5.587873665261774364e-18
1.211500000000000000e+03 5.242381728621321715e-18
1.231500000000000000e+03 4.887731074889793672e-18
1.251500000000000000e+03 4.772625744907025093e-18
1.271500000000000000e+03 4.416062410912786030e-18
1.291500000000000000e+03 4.245404635081848840e-18
1.311500000000000000e+03 4.006009204948798326e-18
1.331500000000000000e+03 3.832551007999511771e-18
1.351500000000000000e+03 3.614678904127827480e-18
1.371500000000000000e+03 3.405134147337761515e-18
1.391500000000000000e+03 3.230880440735125602e-18
1.411500000000000000e+03 3.017694148754133848e-18
1.431500000000000000e+03 2.808415254622234068e-18
1.451500000000000000e+03 2.684969011078950215e-18
1.471500000000000000e+03 2.500230351619831004e-18
1.491500000000000000e+03 2.396722009190557504e-18
1.511500000000000000e+03 2.234837412188531152e-18
1.531500000000000000e+03 2.138230002739258927e-18
1.551500000000000000e+03 2.008876400948385336e-18
1.571500000000000000e+03 1.874641681789220195e-18
1.591500000000000000e+03 1.764114883197270887e-18
1.611500000000000000e+03 1.657525212989813943e-18
1.631500000000000000e+03 1.553436888774034544e-18
1.651500000000000000e+03 1.456152293027985905e-18
1.671500000000000000e+03 1.386196888517882119e-18
1.691500000000000000e+03 1.278827863567846014e-18
1.711500000000000000e+03 1.212541353254496140e-18
1.731500000000000000e+03 1.134858910031485742e-18
1.751500000000000000e+03 1.076074479005224789e-18
1.771500000000000000e+03 9.884898767221233296e-19
1.791500000000000000e+03 9.373692805864419647e-19
1.811500000000000000e+03 8.779449171170168102e-19
1.831500000000000000e+03 8.247291871832389643e-19
1.851500000000000000e+03 7.652026059326546704e-19
1.871500000000000000e+03 7.195104800422259324e-19
1.891500000000000000e+03 6.759777990207575487e-19
1.911500000000000000e+03 6.349551739834077549e-19
1.931500000000000000e+03 5.880652612482700909e-19
1.951500000000000000e+03 5.568915838635637375e-19
1.971500000000000000e+03 5.205826747190119927e-19
1.991500000000000000e+03 4.831504845480727659e-19
2.011500000000000000e+03 4.635211304422828886e-19
2.031500000000000000e+03 4.242877797692781538e-19
2.051500000000000000e+03 4.024303679365648513e-19
2.071500000000000000e+03 3.746866092482297840e-19
2.091500000000000000e+03 3.484020025502119958e-19
2.111500000000000000e+03 3.263454521975182463e-19
2.131500000000000000e+03 3.069255107284851541e-19
2.151500000000000000e+03 2.897326340292529519e-19
2.171500000000000000e+03 2.703209367139289043e-19
2.191500000000000000e+03 2.534959909362371419e-19
2.211500000000000000e+03 2.365219316862014703e-19
2.231500000000000000e+03 2.212587036183081199e-19
2.251500000000000000e+03 2.074694204288354841e-19
2.271500000000000000e+03 1.966502075837807453e-19
2.291500000000000000e+03 1.818769240748538007e-19
2.311500000000000000e+03 1.705778897235140242e-19
2.331500000000000000e+03 1.598076612286121089e-19
2.351500000000000000e+03 1.493047861686101183e-19
2.371500000000000000e+03 1.398614860948992784e-19
2.391500000000000000e+03 1.330066726495493946e-19
2.411500000000000000e+03 1.261759550502449312e-19
2.431500000000000000e+03 1.179823557762895779e-19
2.451500000000000000e+03 1.102341533004746258e-19
2.471500000000000000e+03 1.037529201833965272e-19
2.491500000000000000e+03 9.981316339500735216e-20
2.511500000000000000e+03 9.243701472434369538e-20
2.531500000000000000e+03 8.885701320832396094e-20
2.551500000000000000e+03 8.241359968232321308e-20
2.571500000000000000e+03 7.684450568055016005e-20
2.591500000000000000e+03 7.305503777405706931e-20
2.611500000000000000e+03 6.976233252012363603e-20
2.631500000000000000e+03 6.652874898465816387e-20
2.651500000000000000e+03 6.388627110458303261e-20
2.671500000000000000e+03 5.951165768409030481e-20
2.691500000000000000e+03 5.675051067699136097e-20
2.711500000000000000e+03 5.423048476811521240e-20
2.731500000000000000e+03 5.202051367634831156e-20
2.751500000000000000e+03 4.940502288393858071e-20
2.771500000000000000e+03 4.652167167157776982e-20
2.791500000000000000e+03 4.479123448733501064e-20
2.811500000000000000e+03 4.258966098499501665e-20
2.831500000000000000e+03 4.084378687771580328e-20
2.851500000000000000e+03 3.923893386901226826e-20
2.871500000000000000e+03 3.758342778758998600e-20
2.891500000000000000e+03 3.636179214162443530e-20
2.911500000000000000e+03 3.486225411888315772e-20
2.931500000000000000e+03 3.348178568017135312e-20
2.951500000000000000e+03 3.216519606423173103e-20
2.971500000000000000e+03 3.095902095214623662e-20
2.991500000000000000e+03 2.996196913632691195e-20
3.011500000000000000e+03 2.868503382858191881e-20
3.031500000000000000e+03 2.759723713465093137e-20
3.051500000000000000e+03 2.659112550571946050e-20
3.071500000000000000e+03 2.618696108103099844e-20
3.091500000000000000e+03 2.522665960690640619e-20
3.111500000000000000e+03 2.455485365300320929e-20
3.131500000000000000e+03 2.180076347765556255e-20
3.151500000000000000e+03 1.865734397081317458e-20
3.171500000000000000e+03 1.601386420789523907e-20
3.191500000000000000e+03 1.375988221348979491e-20
3.211500000000000000e+03 1.187917593946195381e-20
3.231500000000000000e+03 1.018828556801084598e-20
3.251500000000000000e+03 8.718370323053917283e-21
3.271500000000000000e+03 7.541227746167415501e-21
3.291500000000000000e+03 6.546891253989400920e-21
3.311500000000000000e+03 5.659273350619182918e-21
3.331500000000000000e+03 4.939167655819415621e-21
3.351500000000000000e+03 4.265708135715453371e-21
3.371500000000000000e+03 3.780378366651387759e-21
3.391500000000000000e+03 3.339072464420177986e-21
3.411500000000000000e+03 2.934334943066879152e-21
3.431500000000000000e+03 2.543248255319980735e-21
3.451500000000000000e+03 2.288185809645701254e-21
3.471500000000000000e+03 2.058825587234143468e-21
3.491500000000000000e+03 1.839130442133573047e-21
3.511500000000000000e+03 1.635681118600053016e-21
3.531500000000000000e+03 1.473717016063200183e-21
3.551500000000000000e+03 1.349243713647805727e-21
3.571500000000000000e+03 1.225631445983644569e-21
3.591500000000000000e+03 1.120005610513942583e-21
3.611500000000000000e+03 1.034412053230893855e-21
3.631500000000000000e+03 9.563491967383173309e-22
3.651500000000000000e+03 8.861286456654656228e-22
3.671500000000000000e+03 8.232034836916249977e-22
3.691500000000000000e+03 7.681183010962634956e-22
3.711500000000000000e+03 7.117692414299363854e-22
3.731500000000000000e+03 6.749513833730298622e-22
3.751500000000000000e+03 6.338833791842153077e-22
3.771500000000000000e+03 5.997440244603283017e-22
3.791500000000000000e+03 5.687902047554818013e-22
3.811500000000000000e+03 5.428904474260418699e-22
3.831500000000000000e+03 5.084101212592369836e-22
3.851500000000000000e+03 4.950443288643565045e-22
3.871500000000000000e+03 4.708350213854853909e-22
3.891500000000000000e+03 4.485052641407168633e-22
3.911500000000000000e+03 4.327496036845290917e-22
3.931500000000000000e+03 4.201249336513839719e-22
3.951500000000000000e+03 4.007184429048896789e-22
3.971500000000000000e+03 3.886082533642673457e-22
3.991500000000000000e+03 3.742398556330285137e-22
4.011500000000000000e+03 3.642376204500833096e-22
4.031500000000000000e+03 3.513724281572884089e-22
4.051500000000000000e+03 3.455828344538961018e-22
4.071500000000000000e+03 3.274034850271862091e-22
4.091500000000000000e+03 5.807696374733101698e-22
4.111500000000000000e+03 4.102942035303127833e-24
4.131500000000000000e+03 7.519024598242012201e-25
4.151500000000000000e+03 2.617075788715683645e-25
4.171500000000000000e+03 1.528049507633161888e-25
4.191500000000000000e+03 1.182402294674440537e-25
4.211500000000000000e+03 9.481581973084528114e-26
4.231500000000000000e+03 7.594456659972465300e-26
4.251500000000000000e+03 6.267250053959323234e-26
4.271500000000000000e+03 5.544441343806330714e-26
4.291500000000000000e+03 4.619155921411975812e-26
4.311500000000000000e+03 4.543029145954750153e-26
4.331500000000000000e+03 3.688667127044492151e-26
4.351500000000000000e+03 3.368419019944812757e-26
4.371500000000000000e+03 2.937985205377604667e-26
4.391500000000000000e+03 2.753107406986705301e-26
4.411500000000000000e+03 2.369639928037155336e-26
4.431500000000000000e+03 2.285141070368130829e-26
4.451500000000000000e+03 2.115861757454340705e-26
4.471500000000000000e+03 2.027478929652646667e-26
4.491500000000000000e+03 1.825546551338030796e-26
4.511500000000000000e+03 1.673306349997860378e-26
4.531500000000000000e+03 1.481013244761909113e-26
4.551500000000000000e+03 1.464083498107130340e-26
4.571500000000000000e+03 1.334911616133821978e-26
4.591500000000000000e+03 1.301952004287874028e-26
4.611500000000000000e+03 1.216919618160047563e-26
4.631500000000000000e+03 1.171730224210018940e-26
4.651500000000000000e+03 1.123360537616372029e-26
4.671500000000000000e+03 1.033394947693296286e-26
4.691500000000000000e+03 9.905680973033210854e-27
4.711500000000000000e+03 9.319976925736720153e-27
4.731500000000000000e+03 9.074789775905829644e-27
4.751500000000000000e+03 8.771505494360997730e-27
4.771500000000000000e+03 8.676559669744670595e-27
4.791500000000000000e+03 8.233142777761002420e-27
4.811500000000000000e+03 7.593035661401299132e-27
4.831500000000000000e+03 7.369318183945803641e-27
4.851500000000000000e+03 7.185410841561796617e-27
4.871500000000000000e+03 6.837292606691371709e-27
4.891500000000000000e+03 6.757312284412953801e-27
4.911500000000000000e+03 6.237390981397309269e-27
4.931500000000000000e+03 5.977262147556387967e-27
4.951500000000000000e+03 5.916523228532200364e-27
4.971500000000000000e+03 6.000430865532069406e-27
4.991500000000000000e+03 5.664242936805668875e-27
5.011500000000000000e+03 5.443151653448122849e-27
5.031500000000000000e+03 5.196176660391171042e-27
5.051500000000000000e+03 5.288868553190258640e-27
5.071500000000000000e+03 5.043676708595014566e-27
5.091500000000000000e+03 4.862441147029366467e-27
5.111500000000000000e+03 4.659973141292393076e-27
5.131500000000000000e+03 4.687763826324291068e-27
5.151500000000000000e+03 4.525996159981662766e-27
5.171500000000000000e+03 4.414333894255984238e-27
5.191500000000000000e+03 4.271664499217289159e-27
5.211500000000000000e+03 4.115650741197068247e-27
5.231500000000000000e+03 4.141517208599080965e-27
5.251500000000000000e+03 3.911490972642270193e-27
5.271500000000000000e+03 3.989691929186132174e-27
5.291500000000000000e+03 3.842144816538786815e-27
5.311500000000000000e+03 3.672584319328680120e-27
5.331500000000000000e+03 3.752730278715309613e-27
5.351500000000000000e+03 3.516310049113674310e-27
5.371500000000000000e+03 3.498272628705441146e-27
5.391500000000000000e+03 3.427653128186534062e-27
5.411500000000000000e+03 3.320559727672344941e-27
5.431500000000000000e+03 3.322648932400995436e-27
5.451500000000000000e+03 3.204809026950764687e-27
5.471500000000000000e+03 3.205416834407574027e-27
5.491500000000000000e+03 3.084139079878719864e-27
5.511500000000000000e+03 3.064142902228536321e-27
5.531500000000000000e+03 3.012368041463474677e-27
5.551500000000000000e+03 2.932316983192907774e-27
5.571500000000000000e+03 2.917135749815844708e-27
5.591500000000000000e+03 2.850650918361994490e-27
5.611500000000000000e+03 2.827058105873178702e-27
5.631500000000000000e+03 2.787937957288263332e-27
5.651500000000000000e+03 2.767765274253450609e-27
5.671500000000000000e+03 2.692022734739262252e-27
5.691500000000000000e+03 2.661882148387412454e-27
5.711500000000000000e+03 2.620345582535651372e-27
5.731500000000000000e+03 2.594673915840981395e-27
5.751500000000000000e+03 2.558435328195208188e-27
5.771500000000000000e+03 2.531363124997111863e-27
5.791500000000000000e+03 2.495702413632185142e-27
5.811500000000000000e+03 2.466459093919133694e-27
5.831500000000000000e+03 2.454240254415387152e-27
5.851500000000000000e+03 2.428756679408394965e-27
5.871500000000000000e+03 2.405165349899621036e-27
5.891500000000000000e+03 2.386258072951721469e-27
5.911500000000000000e+03 2.364824509729661698e-27
5.931500000000000000e+03 2.348279643434612928e-27
5.951500000000000000e+03 2.336323592721033727e-27
5.971500000000000000e+03 2.334102842857862378e-27
5.991500000000000000e+03 2.335772244830379645e-27
6.011500000000000000e+03 2.338512660957556718e-27
6.031500000000000000e+03 2.352361446308947625e-27
6.051500000000000000e+03 2.373999562069950022e-27
6.071500000000000000e+03 2.416249735435349911e-27
6.091500000000000000e+03 2.483119213015624873e-27
6.111500000000000000e+03 2.617251054744178510e-27
6.131500000000000000e+03 3.119116702422886833e-27
