1.150000000000000000e+01 3.154917323081239111e-15
3.150000000000000000e+01 2.921404433866470078e-15
5.150000000000000000e+01 1.732547970917987862e-15
7.150000000000000000e+01 1.515969035816944389e-15
9.150000000000000000e+01 1.548932039344381975e-15
1.115000000000000000e+02 1.739003494009659896e-15
1.315000000000000000e+02 1.446372518690739795e-15
1.515000000000000000e+02 1.186232484652148723e-15
1.715000000000000000e+02 8.759068663862775359e-16
1.915000000000000000e+02 7.597655104467805816e-16
2.115000000000000000e+02 7.005168901435205801e-16
2.315000000000000000e+02 6.415609573130671233e-16
2.515000000000000000e+02 5.810079306116041816e-16
2.715000000000000000e+02 5.630404521254215196e-16
2.915000000000000000e+02 5.255272593532684425e-16
3.115000000000000000e+02 4.641901834437377912e-16
3.315000000000000000e+02 4.204563919170859181e-16
3.515000000000000000e+02 3.762752722069513731e-16
3.715000000000000000e+02 3.648186545540595191e-16
3.915000000000000000e+02 3.420167897056008772e-16
4.115000000000000000e+02 3.249115424604002243e-16
4.315000000000000000e+02 3.153068135671840211e-16
4.515000000000000000e+02 2.635686576519305738e-16
4.715000000000000000e+02 2.563967628146761480e-16
4.915000000000000000e+02 2.429076157388083438e-16
5.115000000000000000e+02 2.300600444310294641e-16
5.315000000000000000e+02 2.133268984378451007e-16
5.515000000000000000e+02 2.078555072137671794e-16
5.715000000000000000e+02 1.951232049971109628e-16
5.915000000000000000e+02 1.810011776838500171e-16
6.115000000000000000e+02 1.639434293058035929e-16
6.315000000000000000e+02 1.491860457742043248e-16
6.515000000000000000e+02 1.436372090944873607e-16
6.715000000000000000e+02 1.377272940479634537e-16
6.915000000000000000e+02 1.356875889835857888e-16
7.115000000000000000e+02 1.355142419827070325e-16
7.315000000000000000e+02 1.316918570899131354e-16
7.515000000000000000e+02 1.265719203451899552e-16
7.715000000000000000e+02 1.133711160430662316e-16
7.915000000000000000e+02 1.050990381946572907e-16
8.115000000000000000e+02 1.001357589477803816e-16
8.315000000000000000e+02 8.931380106963594869e-17
8.515000000000000000e+02 8.062997652418065748e-17
8.715000000000000000e+02 7.873781111922824564e-17
8.915000000000000000e+02 6.926010388159471580e-17
9.115000000000000000e+02 5.939056157865645031e-17
9.315000000000000000e+02 5.664279885229623638e-17
9.515000000000000000e+02 5.786606221236797535e-17
9.715000000000000000e+02 5.281508549471773385e-17
9.915000000000000000e+02 4.904512292796887408e-17
1.011500000000000000e+03 4.615617070654792301e-17
1.031500000000000000e+03 4.217267264451266425e-17
1.051500000000000000e+03 3.960194295236653027e-17
1.071500000000000000e+03 3.548646250165024201e-17
1.091500000000000000e+03 3.261045087852991126e-17
1.111500000000000000e+03 2.983300109792171647e-17
1.131500000000000000e+03 2.768272851398868303e-17
1.151500000000000000e+03 2.567946016499876079e-17
1.171500000000000000e+03 2.325796874456551878e-17
1.191500000000000000e+03 2.097644990895628315e-17
1.211500000000000000e+03 1.962040397752407897e-17
1.231500000000000000e+03 1.775977311793940705e-17
1.251500000000000000e+03 1.698889864916457664e-17
1.271500000000000000e+03 1.618813657324179929e-17
1.291500000000000000e+03 1.481557884824585334e-17
1.311500000000000000e+03 1.305323117101784848e-17
1.331500000000000000e+03 1.209585135127746668e-17
1.351500000000000000e+03 1.139972547380404494e-17
1.371500000000000000e+03 1.041435100391707791e-17
1.391500000000000000e+03 9.465613430019147880e-18
1.411500000000000000e+03 8.799386349426158535e-18
1.431500000000000000e+03 8.096314262233337708e-18
1.451500000000000000e+03 7.541024570952925995e-18
1.471500000000000000e+03 7.149451833779996026e-18
1.491500000000000000e+03 6.347150691401111806e-18
1.511500000000000000e+03 5.846920816412934225e-18
1.531500000000000000e+03 5.274882814074635278e-18
1.551500000000000000e+03 4.936096358769037718e-18
1.571500000000000000e+03 4.543636259806856712e-18
1.591500000000000000e+03 4.276250050898357808e-18
1.611500000000000000e+03 3.973311062422682356e-18
1.631500000000000000e+03 3.575972341623386278e-18
1.651500000000000000e+03 3.354609515417410317e-18
1.671500000000000000e+03 3.052646497709441310e-18
1.691500000000000000e+03 2.804088872245967374e-18
1.711500000000000000e+03 2.608314156806077886e-18
1.731500000000000000e+03 2.528344703422583740e-18
1.751500000000000000e+03 2.315350702163199867e-18
1.771500000000000000e+03 2.117530314701526313e-18
1.791500000000000000e+03 1.967610648514553299e-18
1.811500000000000000e+03 1.838556610000540753e-18
1.831500000000000000e+03 1.723471192298784776e-18
1.851500000000000000e+03 1.631870747976541914e-18
1.871500000000000000e+03 1.511602774533328902e-18
1.891500000000000000e+03 1.391096790617424286e-18
1.911500000000000000e+03 1.320559160033900257e-18
1.931500000000000000e+03 1.232757042929042497e-18
1.951500000000000000e+03 1.149351254973006821e-18
1.971500000000000000e+03 1.090275357092103808e-18
1.991500000000000000e+03 1.024528048420002355e-18
2.011500000000000000e+03 9.913152481605172923e-19
2.031500000000000000e+03 9.174932161704653981e-19
2.051500000000000000e+03 8.747190456299808286e-19
2.071500000000000000e+03 8.169186638386673747e-19
2.091500000000000000e+03 7.728382850723991160e-19
2.111500000000000000e+03 7.380628011651690741e-19
2.131500000000000000e+03 7.089148107844497155e-19
2.151500000000000000e+03 6.701860447744639502e-19
2.171500000000000000e+03 6.429233290852880855e-19
2.191500000000000000e+03 6.119591381911831061e-19
2.211500000000000000e+03 5.796018619638935927e-19
2.231500000000000000e+03 5.563027285283620875e-19
2.251500000000000000e+03 5.315075058153327760e-19
2.271500000000000000e+03 5.118653744866286410e-19
2.291500000000000000e+03 4.892837706324071892e-19
2.311500000000000000e+03 4.633003124793250588e-19
2.331500000000000000e+03 4.463914748964018124e-19
2.351500000000000000e+03 4.328084289917830223e-19
2.371500000000000000e+03 4.213460853685694106e-19
2.391500000000000000e+03 4.000324351333965276e-19
2.411500000000000000e+03 3.821513078457992458e-19
2.431500000000000000e+03 3.711925698722097619e-19
2.451500000000000000e+03 3.579825200149448115e-19
2.471500000000000000e+03 3.539257600488078113e-19
2.491500000000000000e+03 3.351921553486324134e-19
2.511500000000000000e+03 3.272245040581968098e-19
2.531500000000000000e+03 3.172780465992074032e-19
2.551500000000000000e+03 3.102962164341266484e-19
2.571500000000000000e+03 3.044479517895791069e-19
2.591500000000000000e+03 2.963415406094301565e-19
2.611500000000000000e+03 2.899588918239735925e-19
2.631500000000000000e+03 2.800475531296641208e-19
2.651500000000000000e+03 2.699595496924927408e-19
2.671500000000000000e+03 2.650382100269709758e-19
2.691500000000000000e+03 2.557748108369168700e-19
2.711500000000000000e+03 2.524434048528754290e-19
2.731500000000000000e+03 2.485866887006885905e-19
2.751500000000000000e+03 2.409079708627736190e-19
2.771500000000000000e+03 2.334786404592865870e-19
2.791500000000000000e+03 2.348110486198884555e-19
2.811500000000000000e+03 2.290112811707456961e-19
2.831500000000000000e+03 2.235233410309383242e-19
2.851500000000000000e+03 2.219087896756011226e-19
2.871500000000000000e+03 2.133786591202468614e-19
2.891500000000000000e+03 2.109452237615058789e-19
2.911500000000000000e+03 2.058584547373847805e-19
2.931500000000000000e+03 2.017300949134627747e-19
2.951500000000000000e+03 1.987074975698637126e-19
2.971500000000000000e+03 1.967080178242270518e-19
2.991500000000000000e+03 1.933197999990812986e-19
3.011500000000000000e+03 1.857444633493339315e-19
3.031500000000000000e+03 1.826581028220442226e-19
3.051500000000000000e+03 1.813581235407600591e-19
3.071500000000000000e+03 1.798899418021338870e-19
3.091500000000000000e+03 1.727800195253426122e-19
3.111500000000000000e+03 1.662953807624086130e-19
3.131500000000000000e+03 1.505251398255077140e-19
3.151500000000000000e+03 1.283085479368770653e-19
3.171500000000000000e+03 1.097247006027289433e-19
3.191500000000000000e+03 9.075165398482126484e-20
3.211500000000000000e+03 7.798033200060952947e-20
3.231500000000000000e+03 6.801680662436181150e-20
3.251500000000000000e+03 5.873459486011614148e-20
3.271500000000000000e+03 5.000094424324521182e-20
3.291500000000000000e+03 4.221138955252423067e-20
3.311500000000000000e+03 3.691254196598343530e-20
3.331500000000000000e+03 3.219683845116961627e-20
3.351500000000000000e+03 2.792311879365846552e-20
3.371500000000000000e+03 2.465532616740039028e-20
3.391500000000000000e+03 2.155183129954179871e-20
3.411500000000000000e+03 1.912332043041446043e-20
3.431500000000000000e+03 1.706690752045432009e-20
3.451500000000000000e+03 1.538846475542332356e-20
3.471500000000000000e+03 1.385088494453206017e-20
3.491500000000000000e+03 1.285476085197560571e-20
3.511500000000000000e+03 1.211947014129207647e-20
3.531500000000000000e+03 1.097099529866239362e-20
3.551500000000000000e+03 9.745556804842434705e-21
3.571500000000000000e+03 9.563397707950315431e-21
3.591500000000000000e+03 9.754055643948626661e-21
3.611500000000000000e+03 8.938014138311503762e-21
3.631500000000000000e+03 8.028348636679304758e-21
3.651500000000000000e+03 7.727020348624891156e-21
3.671500000000000000e+03 7.682474981227047843e-21
3.691500000000000000e+03 7.123247011663178486e-21
3.711500000000000000e+03 6.549283538324959365e-21
3.731500000000000000e+03 6.434765618406227088e-21
3.751500000000000000e+03 6.542210886462158684e-21
3.771500000000000000e+03 6.227629492200395434e-21
3.791500000000000000e+03 5.913020589403578791e-21
3.811500000000000000e+03 5.739901791639179985e-21
3.831500000000000000e+03 5.771971450431832043e-21
3.851500000000000000e+03 5.605051702536858585e-21
3.871500000000000000e+03 5.029803091080630390e-21
3.891500000000000000e+03 4.810565184385862283e-21
3.911500000000000000e+03 4.892116525723714604e-21
3.931500000000000000e+03 4.872022803106254897e-21
3.951500000000000000e+03 4.671046743259024023e-21
3.971500000000000000e+03 4.464696861420231046e-21
3.991500000000000000e+03 4.516738630501690686e-21
4.011500000000000000e+03 4.668121590948698208e-21
4.031500000000000000e+03 4.746588635724915828e-21
4.051500000000000000e+03 4.559293834936023823e-21
4.071500000000000000e+03 4.491887988089298269e-21
4.091500000000000000e+03 3.982525282978210740e-21
4.111500000000000000e+03 1.052940391140028849e-22
4.131500000000000000e+03 2.480810432431109146e-23
4.151500000000000000e+03 1.209793366520182700e-23
4.171500000000000000e+03 7.074842802336971938e-24
4.191500000000000000e+03 4.528914876477179374e-24
4.211500000000000000e+03 3.186546317327798455e-24
4.231500000000000000e+03 2.462298669328320621e-24
4.251500000000000000e+03 1.892038077412075947e-24
4.271500000000000000e+03 1.408368463973732438e-24
4.291500000000000000e+03 1.158407592682497443e-24
4.311500000000000000e+03 9.345394234832670533e-25
4.331500000000000000e+03 7.414658313308663424e-25
4.351500000000000000e+03 6.168983394696915947e-25
4.371500000000000000e+03 5.086363891198810434e-25
4.391500000000000000e+03 4.201907993820097031e-25
4.411500000000000000e+03 3.460499474322389733e-25
4.431500000000000000e+03 2.924332869520059131e-25
4.451500000000000000e+03 2.461893601743068161e-25
4.471500000000000000e+03 2.073158093066810311e-25
4.491500000000000000e+03 1.728726215060247306e-25
4.511500000000000000e+03 1.453475072545384017e-25
4.531500000000000000e+03 1.262486691855248988e-25
4.551500000000000000e+03 1.050284478105800527e-25
4.571500000000000000e+03 8.914089375681709930e-26
4.591500000000000000e+03 7.679703548407037280e-26
4.611500000000000000e+03 6.492273408643020068e-26
4.631500000000000000e+03 5.611159358312995375e-26
4.651500000000000000e+03 4.755834153590321917e-26
4.671500000000000000e+03 4.126368162875411692e-26
4.691500000000000000e+03 3.530633531258340659e-26
4.711500000000000000e+03 3.009336010872333176e-26
4.731500000000000000e+03 2.671867438073541945e-26
4.751500000000000000e+03 2.274900817492035173e-26
4.771500000000000000e+03 1.961439373554943089e-26
4.791500000000000000e+03 1.752076274706625801e-26
4.811500000000000000e+03 1.469826383671618259e-26
4.831500000000000000e+03 1.305316223333367203e-26
4.851500000000000000e+03 1.165260169328940341e-26
4.871500000000000000e+03 9.983405641906422805e-27
4.891500000000000000e+03 9.069365628747298901e-27
4.911500000000000000e+03 8.073986264387274044e-27
4.931500000000000000e+03 7.189151138862490941e-27
4.951500000000000000e+03 6.578749019375208572e-27
4.971500000000000000e+03 6.163618570279919368e-27
4.991500000000000000e+03 5.562016457325219530e-27
5.011500000000000000e+03 5.099357340529614126e-27
5.031500000000000000e+03 4.686823547185834044e-27
5.051500000000000000e+03 4.499214960071605246e-27
5.071500000000000000e+03 4.155694632066602399e-27
5.091500000000000000e+03 3.918081732185906802e-27
5.111500000000000000e+03 3.657308141712028347e-27
5.131500000000000000e+03 3.578954101920828741e-27
5.151500000000000000e+03 3.366820647075167710e-27
5.171500000000000000e+03 3.220146829354832557e-27
5.191500000000000000e+03 3.099358876408737328e-27
5.211500000000000000e+03 2.938009065338740094e-27
5.231500000000000000e+03 2.920410072637679165e-27
5.251500000000000000e+03 2.711411460402975110e-27
5.271500000000000000e+03 2.775202290680639409e-27
5.291500000000000000e+03 2.641276037544428152e-27
5.311500000000000000e+03 2.533748473674117373e-27
5.331500000000000000e+03 2.581142715630632799e-27
5.351500000000000000e+03 2.424921612717958667e-27
5.371500000000000000e+03 2.388991961833877798e-27
5.391500000000000000e+03 2.322811719403459835e-27
5.411500000000000000e+03 2.272356394711486318e-27
5.431500000000000000e+03 2.254252896009191076e-27
5.451500000000000000e+03 2.193977444370781102e-27
5.471500000000000000e+03 2.165515840479498544e-27
5.491500000000000000e+03 2.082217785826569178e-27
5.511500000000000000e+03 2.040853826642611718e-27
5.531500000000000000e+03 2.022774334311428920e-27
5.551500000000000000e+03 1.986344108371758270e-27
5.571500000000000000e+03 1.978068068304084809e-27
5.591500000000000000e+03 1.935193022978519653e-27
5.611500000000000000e+03 1.928016473072231451e-27
5.631500000000000000e+03 1.937537329864601498e-27
5.651500000000000000e+03 1.894122487666532496e-27
5.671500000000000000e+03 1.883631357448325822e-27
5.691500000000000000e+03 1.876254432610543115e-27
5.711500000000000000e+03 1.851900214226302864e-27
5.731500000000000000e+03 1.864362296880187610e-27
5.751500000000000000e+03 1.857073659994011548e-27
5.771500000000000000e+03 1.864216063434297251e-27
5.791500000000000000e+03 1.836017497873262532e-27
5.811500000000000000e+03 1.847047312713355632e-27
5.831500000000000000e+03 1.842529115256755888e-27
5.851500000000000000e+03 1.861235171144721383e-27
5.871500000000000000e+03 1.839617588302215278e-27
5.891500000000000000e+03 1.842637338159344050e-27
5.911500000000000000e+03 1.876298996149595500e-27
5.931500000000000000e+03 1.888975040719777930e-27
5.951500000000000000e+03 1.945193305665659551e-27
5.971500000000000000e+03 1.943349343971885951e-27
5.991500000000000000e+03 1.939045743181072754e-27
6.011500000000000000e+03 1.970044346335104962e-27
6.031500000000000000e+03 2.049766318784629636e-27
6.051500000000000000e+03 2.105013050267876495e-27
6.071500000000000000e+03 2.152627002539506720e-27
6.091500000000000000e+03 2.214252955725716469e-27
6.111500000000000000e+03 2.337299447759986322e-27
6.131500000000000000e+03 2.595305413336744358e-27
