#         patch                     x                        y                        z            
  0.0000000000000000e+00  -2.6300403680476359e-01  -2.4723807582093854e-01  -9.3257825971269481e-01
  1.0000000000000000e+00   0.0000000000000000e+00   0.0000000000000000e+00   0.0000000000000000e+00
  2.0000000000000000e+00  -2.0072444121253902e-01  -2.6912799308295193e-01  -9.4195531849395953e-01
  3.0000000000000000e+00  -2.8227040824274152e-01  -1.7698888754438960e-01  -9.4286709048321093e-01
  4.0000000000000000e+00  -2.3418971024730612e-01  -1.9319058143627918e-01  -9.5280248680332236e-01
  5.0000000000000000e+00  -2.5272161448870128e-01  -1.4021902241669815e-01  -9.5732461125927903e-01
  6.0000000000000000e+00  -3.4011146636736722e-01  -1.4709550975383540e-01  -9.2880950762559400e-01
  7.0000000000000000e+00  -2.6220167460961136e-01  -9.8378229430286596e-02  -9.5998541957994210e-01
  8.0000000000000000e+00  -2.7324069778159338e-01  -8.4406614796716337e-02  -9.5823538050647383e-01
  9.0000000000000000e+00  -2.2377977870809096e-01  -5.4285597344648065e-02  -9.7312675667781978e-01
  1.0000000000000000e+01  -2.0192073492804258e-01  -3.3177701029376915e-02  -9.7883975039866689e-01
  1.1000000000000000e+01  -1.7662584933357478e-01  -4.7637094804624899e-02  -9.8312461903146775e-01
  1.2000000000000000e+01  -1.6936093062933347e-01  -2.7774133550136881e-01  -9.4560912946644193e-01
  1.3000000000000000e+01  -1.3493586889691150e-01  -2.9262266532818582e-01  -9.4665954124028351e-01
  1.4000000000000000e+01  -1.3808139829891572e-01  -3.1272303389032519e-01  -9.3975413354677340e-01
  1.5000000000000000e+01  -6.5706945183874849e-02  -3.2438121649344315e-01  -9.4364157588611863e-01
  1.6000000000000000e+01  -5.1906394736976530e-02  -2.8068739475962778e-01  -9.5839465389184120e-01
  1.7000000000000000e+01  -7.1709656430741509e-02  -1.8445670508753226e-01  -9.8022112256512617e-01
  1.8000000000000000e+01  -6.6348187526811389e-02  -1.9403611118517053e-01  -9.7874813183374365e-01
  1.9000000000000000e+01  -1.6540690952765830e-01  -1.6225657842879473e-01  -9.7278638818452301e-01
  2.0000000000000000e+01   0.0000000000000000e+00   0.0000000000000000e+00   0.0000000000000000e+00
  2.1000000000000000e+01  -3.9727384128038098e-02  -1.5141354619140568e-01  -9.8767184478453496e-01
  2.2000000000000000e+01  -8.7126892582446575e-02  -5.6554616366377548e-02  -9.9459060922400566e-01
  2.3000000000000000e+01  -1.0370411296320856e-01  -3.3451652863654383e-02  -9.9404549386595165e-01
  2.4000000000000000e+01   0.0000000000000000e+00   0.0000000000000000e+00   0.0000000000000000e+00
  2.5000000000000000e+01  -3.2710615883364513e-01  -2.8007585198942891e-02  -9.4457246202947398e-01
  2.6000000000000000e+01  -2.6667940426114445e-01  -2.9899336442223575e-03  -9.6378065743182673e-01
  2.7000000000000000e+01  -2.2859270833876313e-01  -2.0839937532236990e-02  -9.7329906539459987e-01
  2.8000000000000000e+01  -2.9140372153664240e-01   9.1663468884469954e-02  -9.5219834044523555e-01
  2.9000000000000000e+01   0.0000000000000000e+00   0.0000000000000000e+00   0.0000000000000000e+00
  3.0000000000000000e+01  -2.6160903210691588e-01   1.0022926243680369e-01  -9.5995562880346574e-01
  3.1000000000000000e+01  -2.2084322735409992e-01  -4.2333132393517110e-03  -9.7530013226229129e-01
  3.2000000000000000e+01  -2.0744905334651298e-01  -1.1426260152919393e-02  -9.7817908935151210e-01
  3.3000000000000000e+01  -2.2313140740884063e-01   7.0340512781504758e-02  -9.7224718425377044e-01
  3.4000000000000000e+01  -1.6444885143497109e-01   2.5577691689403003e-02  -9.8605393206941816e-01
  3.5000000000000000e+01  -1.5860141991820256e-01   6.3086132446220036e-02  -9.8532518971804839e-01
  3.6000000000000000e+01  -7.0158217791854355e-02   5.2771339204570515e-03  -9.9752191772103749e-01
  3.7000000000000000e+01  -3.1323442131314222e-01   1.0898314794217343e-01  -9.4340175469904408e-01
  3.8000000000000000e+01  -2.7603672386436123e-01   1.7452863572120328e-01  -9.4516849418054871e-01
  3.9000000000000000e+01  -2.7000593163970799e-01   1.9225102078721459e-01  -9.4347037149326918e-01
  4.0000000000000000e+01  -1.9827951878769257e-01   1.7276242914101833e-01  -9.6479965563147652e-01
  4.1000000000000000e+01  -1.8511203975829829e-01   1.7563328300391601e-01  -9.6689528007834880e-01
  4.2000000000000000e+01   0.0000000000000000e+00   0.0000000000000000e+00   0.0000000000000000e+00
  4.3000000000000000e+01   0.0000000000000000e+00   0.0000000000000000e+00   0.0000000000000000e+00
  4.4000000000000000e+01  -8.7649185644225733e-02   1.4224333467062195e-01  -9.8594343346750146e-01
  4.5000000000000000e+01  -3.3895709494712975e-02   1.1275828143198398e-01  -9.9304413338298092e-01
  4.6000000000000000e+01  -8.0167136175859580e-03   1.2759581400523293e-01  -9.9179384982521224e-01
  4.7000000000000000e+01  -1.1044109081215055e-01   3.4941882019917891e-01  -9.3043498082930876e-01
  4.8000000000000000e+01   0.0000000000000000e+00   0.0000000000000000e+00   0.0000000000000000e+00
  4.9000000000000000e+01  -7.9184839922602515e-02   3.1582688444833962e-01  -9.4550681657304136e-01
  5.0000000000000000e+01   7.1123658181633631e-02  -2.4965317302021253e-01  -9.6571979292536092e-01
  5.1000000000000000e+01   1.0680315549729083e-01  -2.6152570963270494e-01  -9.5926919536537381e-01
  5.2000000000000000e+01   0.0000000000000000e+00   0.0000000000000000e+00   0.0000000000000000e+00
  5.3000000000000000e+01   1.1622586084849303e-01  -2.8689871672141637e-01  -9.5088415467586340e-01
  5.4000000000000000e+01   1.1335407421644619e-01  -2.7091588081643697e-01  -9.5590555986456449e-01
  5.5000000000000000e+01   1.4052375297965747e-01  -2.7116234610870038e-01  -9.5222059256316105e-01
  5.6000000000000000e+01   3.7016940270586794e-02  -1.7074141579465912e-01  -9.8462028978964244e-01
  5.7000000000000000e+01   7.9678376023100433e-02  -1.8728740678638556e-01  -9.7906832430303470e-01
  5.8000000000000000e+01   1.2331086353377341e-01  -1.5120640717579609e-01  -9.8078083859929821e-01
  5.9000000000000000e+01   0.0000000000000000e+00   0.0000000000000000e+00   0.0000000000000000e+00
  6.0000000000000000e+01   1.7775131240070203e-02  -1.1533875434239406e-01  -9.9316716440695074e-01
  6.1000000000000000e+01   1.2557650142505747e-01  -6.9062774908728475e-02  -9.8967715716376370e-01
  6.2000000000000000e+01   0.0000000000000000e+00   0.0000000000000000e+00   0.0000000000000000e+00
  6.3000000000000000e+01   1.8681333948067530e-01  -2.8433043779293093e-01  -9.4034939162874887e-01
  6.4000000000000000e+01   1.8833679472561196e-01  -2.3030627947996851e-01  -9.5471894785040146e-01
  6.5000000000000000e+01   1.9708045421406331e-01  -2.0558209746708417e-01  -9.5859026479920650e-01
  6.6000000000000000e+01   2.1838122072765873e-01  -1.6225803097152430e-01  -9.6227957154807220e-01
  6.7000000000000000e+01   2.7462677632426008e-01  -1.6916188566435361e-01  -9.4655395523140939e-01
  6.8000000000000000e+01   2.1402908176110544e-01  -8.6929830178950562e-02  -9.7295156959920515e-01
  6.9000000000000000e+01   2.6517660394512643e-01  -9.5990170657270363e-02  -9.5940984769665449e-01
  7.0000000000000000e+01   2.5891187197823645e-01  -8.0413271806757017e-02  -9.6254784206607513e-01
  7.1000000000000000e+01   2.8600824298188487e-01  -1.0247520334863523e-01  -9.5273192328433653e-01
  7.2000000000000000e+01   2.8497693584513134e-01  -6.3708604025758703e-02  -9.5641484712932445e-01
  7.3000000000000000e+01   3.0619570046012223e-01  -3.8135117567508432e-02  -9.5120445006730669e-01
  7.4000000000000000e+01   4.0855923017490005e-02  -2.0700334434379856e-02  -9.9895059422810983e-01
  7.5000000000000000e+01   2.2730988108995185e-02   1.0484013759770727e-01  -9.9422927322025823e-01
  7.6000000000000000e+01   0.0000000000000000e+00   0.0000000000000000e+00   0.0000000000000000e+00
  7.7000000000000000e+01   1.3195408908718581e-01   3.1059289889325010e-02  -9.9076911482178420e-01
  7.8000000000000000e+01   1.8526953071916610e-01   1.3274917205247094e-02  -9.8259807528831122e-01
  7.9000000000000000e+01   1.7820667042900434e-01   8.3549633065167661e-02  -9.8043961641157895e-01
  8.0000000000000000e+01   0.0000000000000000e+00   0.0000000000000000e+00   0.0000000000000000e+00
  8.1000000000000000e+01   2.1745625308088701e-01  -3.1189734061505662e-02  -9.7557161627693623e-01
  8.2000000000000000e+01   2.8190001574598200e-01  -1.9296052028349244e-02  -9.5924972947535114e-01
  8.3000000000000000e+01   3.0150350632422590e-01   1.4821538599301897e-02  -9.5334986110438324e-01
  8.4000000000000000e+01   2.2494725043386257e-01   9.0919901225529925e-02  -9.7011973801350160e-01
  8.5000000000000000e+01   2.8015787697729638e-01   6.9482291602280283e-02  -9.5743604231367319e-01
  8.6000000000000000e+01   2.9017094199986221e-01   8.5078153526168307e-02  -9.5318546579954222e-01
  8.7000000000000000e+01   9.4642155472755309e-04   1.5039074460356833e-01  -9.8862618224677068e-01
  8.8000000000000000e+01   9.1562860455914243e-03   1.7253725031703415e-01  -9.8496043559063240e-01
  8.9000000000000000e+01   5.7121791171620161e-02   1.7026130154359742e-01  -9.8374193270899357e-01
  9.0000000000000000e+01   1.9290252192616018e-02   2.5082366589082250e-01  -9.6784057302813786e-01
  9.1000000000000000e+01   3.2447297148448018e-02   2.5564639383954890e-01  -9.6622569528272972e-01
  9.2000000000000000e+01   6.1834823204962468e-02   3.1440355289917726e-01  -9.4727338216778012e-01
  9.3000000000000000e+01   1.4534962594026260e-01   2.2526499671685993e-01  -9.6339460632348306e-01
  9.4000000000000000e+01   0.0000000000000000e+00   0.0000000000000000e+00   0.0000000000000000e+00
  9.5000000000000000e+01   1.0829739618485028e-01   2.7525882223444370e-01  -9.5525088576859662e-01
  9.6000000000000000e+01   1.9202735426304940e-01   1.2960513314412556e-01  -9.7279391685876959e-01
  9.7000000000000000e+01   0.0000000000000000e+00   0.0000000000000000e+00   0.0000000000000000e+00
  9.8000000000000000e+01   2.8198960135991008e-01   1.2974705675519346e-01  -9.5060379022400476e-01
  9.9000000000000000e+01  -3.5937884739507842e-01  -3.3242487484928562e-01  -8.7197508371880761e-01
  1.0000000000000000e+02  -3.7730373709328513e-01  -3.9726561193125015e-01  -8.3655359873252033e-01
  1.0100000000000000e+02  -3.0927416852534617e-01  -2.6642324666086703e-01  -9.1288999464428278e-01
  1.0200000000000000e+02  -5.8260075533793798e-01  -3.4441640833923487e-01  -7.3617504545207557e-01
  1.0300000000000000e+02  -3.1921087338529897e-01  -1.9150191208404457e-01  -9.2813330722517962e-01
  1.0400000000000000e+02  -5.3766698246405720e-01  -1.5761131206358833e-01  -8.2829517098531313e-01
  1.0500000000000000e+02  -4.3074636931924981e-01  -1.9382787779695873e-01  -8.8141268376794513e-01
  1.0600000000000000e+02  -2.4196136604006574e-01  -4.3056179968248454e-01  -8.6952356724714797e-01
  1.0700000000000000e+02  -2.5978316479739427e-01  -3.8206278249539805e-01  -8.8687131959474474e-01
  1.0800000000000000e+02  -2.2030850743645228e-01  -3.2393350767259260e-01  -9.2007132558190996e-01
  1.0900000000000000e+02  -7.7391725398777894e-02  -5.5052543916340424e-01  -8.3122335245933809e-01
  1.1000000000000000e+02  -1.4262289809840242e-01  -3.4838138896224663e-01  -9.2643894389363202e-01
  1.1100000000000000e+02  -8.4606043521693666e-02  -4.3163403826116675e-01  -8.9807231023674428e-01
  1.1200000000000000e+02  -5.0647893812083766e-01   2.6540606560624853e-02  -8.6184376858185996e-01
  1.1300000000000000e+02  -3.9484796101594521e-01   3.9829162666277236e-02  -9.1788274059536268e-01
  1.1400000000000000e+02  -3.8981218924079547e-01   1.1477704646504033e-01  -9.1371367874409115e-01
  1.1500000000000000e+02  -5.2374782030871658e-01   2.0974266242941828e-01  -8.2564897885171973e-01
  1.1600000000000000e+02  -3.7438450113432542e-01   1.9992843462601254e-01  -9.0546389565702423e-01
  1.1700000000000000e+02  -3.0860016323512562e-01   1.9563390270228970e-01  -9.3085622701076931e-01
  1.1800000000000000e+02  -3.6874881581962937e-01   2.8122661545956940e-01  -8.8596608376888575e-01
  1.1900000000000000e+02  -3.0448614264377316e-01   3.6979318689866586e-01  -8.7780475497757704e-01
  1.2000000000000000e+02  -3.7490477290949153e-01   4.0989193971335047e-01  -8.3152571157343647e-01
  1.2100000000000000e+02  -1.9554514654470351e-01   4.5193892214766140e-01  -8.7035240351872445e-01
  1.2200000000000000e+02  -1.3339889433516894e-01   6.2095329791887532e-01  -7.7241293152939039e-01
  1.2300000000000000e+02  -1.1218650198026919e-01   4.9796859504550717e-01  -8.5990782478230465e-01
  1.2400000000000000e+02  -1.6506230109853367e-03  -4.2868867199272270e-01  -9.0345077228855786e-01
  1.2500000000000000e+02   2.3289043856986581e-02  -3.6694005371423993e-01  -9.2995301892967586e-01
  1.2600000000000000e+02   8.8393913754000061e-02  -3.8704860337671604e-01  -9.1781255964133790e-01
  1.2700000000000000e+02   2.0378929433156626e-01  -4.9082787736901390e-01  -8.4708790471430440e-01
  1.2800000000000000e+02   2.7601255890929149e-01  -4.2826111525998323e-01  -8.6047050180736606e-01
  1.2900000000000000e+02   1.8962159733014647e-01  -3.8765768964138497e-01  -9.0208933342982578e-01
  1.3000000000000000e+02   2.6015587105386634e-01  -2.8282724971786571e-01  -9.2321593875605945e-01
  1.3100000000000000e+02   3.3979074606667409e-01  -3.0513320545861350e-01  -8.8962687448952682e-01
  1.3200000000000000e+02   4.6170080741485819e-01  -2.9774495915445859e-01  -8.3557184235143867e-01
  1.3300000000000000e+02   3.5852919771742164e-01  -2.2627270146177916e-01  -9.0568067162620314e-01
  1.3400000000000000e+02   3.7046163008004168e-01  -1.1598175705579884e-01  -9.2157821842136012e-01
  1.3500000000000000e+02   5.7866215503902207e-01  -2.6801578545209576e-01  -7.7027115295465343e-01
  1.3600000000000000e+02   5.0474152611861656e-01  -1.3542362829257351e-01  -8.5258221463476758e-01
  1.3700000000000000e+02  -2.7419938732612229e-02   3.4654927605519337e-01  -9.3763092217861577e-01
  1.3800000000000000e+02   8.3812573923312012e-02   3.8995337903440253e-01  -9.1701243973677959e-01
  1.3900000000000000e+02  -1.2662485604099862e-02   4.2860759504105461e-01  -9.0340200959010997e-01
  1.4000000000000000e+02   7.4137013624162931e-02   6.3929345150533645e-01  -7.6538068049388630e-01
  1.4100000000000000e+02   1.7173587100555424e-01   5.0180596602408667e-01  -8.4776032171398341e-01
  1.4200000000000000e+02   3.8858377474752362e-02   5.3026035449800391e-01  -8.4694390779300210e-01
  1.4300000000000000e+02   3.0346542046794311e-01   5.6696570725571649e-01  -7.6580586663738714e-01
  1.4400000000000000e+02   3.9886869479096887e-01  -4.7284447322588343e-04  -9.1700792839203571e-01
  1.4500000000000000e+02   3.8461437008765342e-01   1.1288197349275182e-01  -9.1614924896681504e-01
  1.4600000000000000e+02   4.3488846573356327e-01   6.9598339623533303e-02  -8.9779067353896846e-01
  1.4700000000000000e+02   2.6681526986889637e-01   2.7150419040756252e-01  -9.2471351582850880e-01
  1.4800000000000000e+02   5.9845609569693070e-01   3.3787577573745636e-01  -7.2642292205918035e-01
  1.4900000000000000e+02   2.1292743212430157e-01   3.5478498274117903e-01  -9.1037878087656021e-01
  1.5000000000000000e+02   3.4169829603773938e-01   3.7339527778937187e-01  -8.6244897878628357e-01
  1.5100000000000000e+02  -5.4568945818191339e-01  -6.8116153911642763e-01  -4.8810037170408860e-01
  1.5200000000000000e+02  -5.3078733318747506e-01  -5.0440328539972368e-01  -6.8105956612156415e-01
  1.5300000000000000e+02  -7.8449102859872799e-01  -3.8497581720910634e-01  -4.8617635299579343e-01
  1.5400000000000000e+02  -3.0968790963095805e-01  -7.8415284483593795e-01  -5.3777106147887233e-01
  1.5500000000000000e+02  -2.0282529048421391e-01  -6.6879918435125663e-01  -7.1524090525576645e-01
  1.5600000000000000e+02  -3.1239129520592518e-01  -5.4518553704323303e-01  -7.7793599279018200e-01
  1.5700000000000000e+02  -6.4965973804773625e-01   1.0528636208003898e-03  -7.6022438545336246e-01
  1.5800000000000000e+02  -8.2200094884322994e-01  -1.6322075708413716e-01  -5.4559456060128630e-01
  1.5900000000000000e+02  -8.5197635501279900e-01   6.2331323834295238e-02  -5.1985680390677724e-01
  1.6000000000000000e+02  -6.6351351014320636e-01   2.5371793790850328e-01  -7.0383025641194075e-01
  1.6100000000000000e+02  -4.9856097895256474e-01   4.1348210074113834e-01  -7.6188549181130605e-01
  1.6200000000000000e+02  -2.6535440761005125e-01   5.6378868476427269e-01  -7.8213129159604033e-01
  1.6300000000000000e+02   3.5806529534212851e-02  -5.3583357213473026e-01  -8.4356403160403304e-01
  1.6400000000000000e+02  -7.6502785293006234e-02  -7.4510309206304570e-01  -6.6254713495758244e-01
  1.6500000000000000e+02  -9.8117651261359462e-02  -9.0114364188648521e-01  -4.2227131467637774e-01
  1.6600000000000000e+02   7.9938869680918212e-01  -2.4833544440590913e-01  -5.4708977185233232e-01
  1.6700000000000000e+02   4.9532181443919276e-01   2.1594929442896202e-01  -8.4144055189674538e-01
  1.6800000000000000e+02   7.6614735802141354e-01   2.2555298945646247e-02  -6.4226901239767165e-01
  1.6900000000000000e+02   1.2286089775054595e-02   7.6380435213485365e-01  -6.4533089470278415e-01
  1.7000000000000000e+02   2.3417154176309829e-01   7.0109875268151833e-01  -6.7351631607312445e-01
  1.7100000000000000e+02   3.4849639826676926e-01   8.2129695464466601e-01  -4.5168747235946966e-01
  1.7200000000000000e+02   4.8051079481745584e-01   6.1511343851461486e-01  -6.2509585970683246e-01
  1.7300000000000000e+02   8.2695329746685664e-01   3.2478359996226586e-01  -4.5898132533278901e-01
  1.7400000000000000e+02   5.8379229954238787e-01   6.9320912344931473e-01  -4.2266731853982253e-01
  1.7500000000000000e+02  -6.3405427214435672e-01  -6.3764225144099262e-01   4.3747861565195623e-01
  1.7600000000000000e+02  -6.1263773840511282e-01  -5.3074266248184110e-01   5.8565111431939987e-01
  1.7700000000000000e+02  -7.6104322831614646e-01  -4.5364239793895211e-01   4.6370440953945563e-01
  1.7800000000000000e+02  -4.6329399136292582e-01  -6.2480962216514258e-01   6.2846767109920709e-01
  1.7900000000000000e+02  -5.2374430743133371e-01  -4.3035889200258393e-01   7.3517557393290822e-01
  1.8000000000000000e+02  -3.8612829121281794e-01  -4.6371437297218804e-01   7.9741703206294734e-01
  1.8100000000000000e+02  -1.9421581139157268e-01  -5.7138942362454970e-01   7.9736713324259734e-01
  1.8200000000000000e+02  -1.1106934684404886e-01  -5.2500441778420015e-01   8.4382104826717219e-01
  1.8300000000000000e+02   1.0062208261697629e-01  -4.6957803800217224e-01   8.7713833727403157e-01
  1.8400000000000000e+02  -1.7836190006030778e-01  -3.2670607104322308e-01   9.2814340257870565e-01
  1.8500000000000000e+02   5.8209461182729544e-03  -3.4800389592884279e-01   9.3747501566955660e-01
  1.8600000000000000e+02   5.5252781659893016e-02  -2.0023713978470392e-01   9.7818823238152142e-01
  1.8700000000000000e+02   2.7243417681978832e-01  -3.5663252485695018e-01   8.9364023047011543e-01
  1.8800000000000000e+02   2.9976468619486329e-01  -2.5373457732194393e-01   9.1965205223592572e-01
  1.8900000000000000e+02   2.4815822895935027e-01  -3.9028453173677521e-02   9.6793299005800437e-01
  1.9000000000000000e+02   3.6466647533402341e-01  -4.7199996354056230e-02   9.2994113905754106e-01
  1.9100000000000000e+02   4.6789328646663580e-01  -1.9672490602797724e-01   8.6161196824773401e-01
  1.9200000000000000e+02   5.3336595695767774e-01  -2.1812061601671432e-02   8.4560332894762513e-01
  1.9300000000000000e+02   6.2330377569779549e-01   6.9674622482344527e-03   7.8194875642249839e-01
  1.9400000000000000e+02   7.5552669101643710e-01   1.9165980505229269e-01   6.2645505687883962e-01
  1.9500000000000000e+02   7.6079031663938557e-01   4.0538974904233532e-01   5.0681085769657308e-01
  1.9600000000000000e+02   6.4939587191225023e-01   3.7708506169113926e-01   6.6037251441343181e-01
  1.9700000000000000e+02   4.8878245921773017e-01   8.3972981379570183e-02   8.6835490783394220e-01
  1.9800000000000000e+02   4.9882448190835921e-01   2.2186669889067537e-01   8.3782414871631117e-01
  1.9900000000000000e+02   6.2591690512029030e-01   2.3498513586107653e-01   7.4364643064361502e-01
